-49
-304
-570
-860
-1125
-1411
-1250
-1172
-1271
-889
-796
-848
-656
-810
-522
-452
-541
-118
5
146
445
599
913
1249
1447
1689
1595
1542
1507
1143
737
476
65
-350
-648
-836
-1047
-1245
-1269
-1209
-1065
-887
-844
-751
-873
-721
-646
-753
-528
-305
-124
232
456
720
1034
1291
1489
1733
1653
1569
1411
1150
835
430
-59
-341
-570
-810
-989
-1097
-1328
-1188
-1070
-1072
-885
-802
-851
-667
-632
-597
-432
-236
-41
259
500
658
864
1180
1305
1505
1565
1460
1307
1299
914
665
241
-161
-382
-642
-920
-1052
-1301
-1295
-1186
-1076
-1039
-1008
-764
-760
-691
-483
-543
-369
-68
-29
357
489
640
1034
1269
1428
1623
1584
1466
1383
1275
798
