-0.0014804
-0.0092682
-0.017404
-0.026258
-0.034319
-0.043051
-0.038155
-0.035756
-0.038773
-0.027138
-0.024305
-0.02588
-0.020007
-0.024709
-0.015927
-0.01379
-0.016523
-0.003613
0.00014191
0.0044653
0.013582
0.018295
0.027862
0.038123
0.044147
0.051535
0.048666
0.047068
0.045991
0.034892
0.022506
0.014514
0.0019949
-0.010693
-0.01976
-0.025513
-0.031964
-0.038001
-0.038723
-0.036898
-0.032508
-0.027068
-0.025769
-0.022913
-0.026633
-0.021992
-0.019725
-0.022989
-0.016113
-0.0093201
-0.0037787
0.0070895
0.013918
0.021977
0.031542
0.039386
0.04545
0.052878
0.050447
0.047894
0.043054
0.035099
0.025496
0.013137
-0.0018076
-0.010401
-0.017382
-0.02471
-0.030193
-0.033493
-0.040523
-0.036256
-0.032646
-0.032709
-0.027008
-0.024464
-0.025971
-0.020363
-0.019296
-0.018213
-0.013178
-0.0071872
-0.0012534
0.0079117
0.015273
0.020096
0.026357
0.036019
0.03981
0.045938
0.047757
0.044553
0.039899
0.039645
0.027906
0.020301
0.0073505
-0.004902
-0.011663
-0.019593
-0.02808
-0.0321
-0.039688
-0.039507
-0.0362
-0.032847
-0.031711
-0.030756
-0.023306
-0.023205
-0.0211
-0.014734
-0.016584
-0.011248
-0.0020801
-0.00087158
0.010898
0.01493
0.019526
0.031566
0.038727
0.043568
0.049525
0.048326
0.044727
0.042199
0.038917
0.024363
