1311
1320
1347
1392
1456
1537
1635
1751
1884
2034
2201
2383
2581
2794
3021
3263
3518
3786
4066
4358
4660
4973
5295
5625
5963
6308
6660
7016
7377
7742
8109
8478
8847
9217
9586
9953
10318
10679
11035
11386
11732
12070
12400
12722
13034
13337
13629
13909
14177
14432
14673
14901
15114
15312
15494
15660
15810
15943
16059
16158
16239
16302
16348
16375
16384
16375
16348
16302
16239
16158
16059
15943
15810
15660
15494
15312
15114
14901
14673
14432
14177
13909
13629
13337
13034
12722
12400
12070
11732
11386
11035
10679
10318
9953
9586
9217
8847
8478
8109
7742
7377
7016
6660
6308
5963
5625
5295
4973
4660
4358
4066
3786
3518
3263
3021
2794
2581
2383
2201
2034
1884
1751
1635
1537
1456
1392
1347
1320
